11011111101010000111001000001101001110001011110011011110011110
10010001001101000011101011010111100101100101110000111110100101
01111111100101110011110000000011001110110101001000110111100101
11010001010110011111101111010111101101000000111100001110001000
10110100000011001101110111110011110101010111001111010100111100
01111110100101000101100100111011101011011101001111011101001111
01110000000111110100001100100011111010110001011001100101011011
11011011111111111101111111101101110000000100101110001010111110
11001001100010101110101000010000110011111011101010010100001001
11011011011010001101010001010010010000001101101010000100111010
00111011010011111011110010001000100011111001000111011110101010
10110110101110101101101000000111001000101101100100011011011001
10011001110101001000100110011101011011010001000011101010111011
00101111111101100010000011011110000111000011111000001011101000
11111110001011001110101100000100001110110100110011011110001101
00100101010100110011110010010010000101001010001010011100100001
00100001110110101101011011010000011011101000011000011100000000
10010110100101011000000111011111000101100011011000011000111011
10011011100010001110100011100001010110111001000001011010110101
10111101110001100001100110000101101010011101101011001010110100
10111000110100010011010010101111101101101110010110110010001001
01010000011111100111011101011001101000110110011101100111101100
10000000101100000000011000000000000110101110001011010101100010
10010101011011010010110100111010111011101001111110111111111000
11001001010011100011010001100100110111111010100111001001101101
11010000111101100010100101101111101011101100101010011001101001
10010101010100111000010010111011011101111010011110001110010000
00111001101010111100101011111110100000001111010101110100111011
10010111101001011101000010110010001100010010010011110101010001
00111001000001101100101111100100111000010101111111011011110010
11110110001100100111001000001101110001010101010011010001110010
00110000001101101010101000001001110101111100111010011010010011
01111101101101100101110101110011000011000010100101001000011001
01110100011110010111010110010100111111001000100001000010101110
00000110011001111111001000110101111111010010111100100100011010
10100110000100101001100111010101111110000111000101111000010110
10011011000100110100000110010000010110110000110111111101010010
00100110000011001011001010010001000001001100001110110101101011
10110111001001011000001101100101001000011001000100110101101111
01000100001010100000000010101100011010011101001011100110110100
00010001000001010110010000111010001101000100111100100100010010
00011001110100010111100100111110001100100001100110110011111001
11100000001100111000001110100101101010010010000110011111011010
10111011111110101010101010101000110100111010011111101101110011
01001110101110000000110100100001011111111011001010001101101010
01100111000000001101011111000000111000011001011101011000110100
00101011001110001010011001001000111010101011010001010001100110
11001100101010110110110000011011111000110100010101011001010011
10100010000010100101011000100111011111001111000100001100110010
10001110010010111011110001100001101110111010110000000010011010
01100100100011111011101101010111000000000010010001001010100100
11001010011100010100111011100101110100110111011011101100111100
11000111111001010110010101000001110000010101001101110010010010
00010011110100000011100110000100010110001111011111011011100011
00001111101100000001011101100111111111101111100111100100110011
01110101101110110011001000101010111101010100100011010110111100
11011100000000111100001110111110000111000011111001000000100101
00100111110101100000101100100000001011001100010111110000100110
10010100011100110100101001111101010111011000011101100100001110
01000111101111100011111010110001000000011011110001100100000000
10001010101001111001110011011001010011111110101111100001000111
01100011111101000001000111011111110101111100011111011100000010
11010000010011111100100110110101000011110111100001011011000011
11011001000011000100101001010101100011110100000110010101011010
10000001011101000010011011000111011100001001001011000101101111
10100101111001100110010101011001111000111000001000101001110100
10011111101001111111001110100100111100000010000000011100011101
01111011110010000111100000101001111011111101101001111000110101
00000010101100001101111001101010000000010010010100001111101010
01100100001011110001010111101011010110101000100110000000011000
10010101111001110011111110100101001101000110011010101111100000
01100111110110001011101101110110010000101011000110111110000001
10000101001011000111111100000111011011011011010111100001101001
01001110111100011000010011111101011011000101111010100000110000
11001011010110011101000100010111000110000110011010010000100010
01111101011100001000001101010010011011011110111000000011101000
01110010101010011101110011001001010001111001001101110111101000
00101011000110101110100110101011101100011000010100011010010111
11010111101000000000000110100101001110101011101010100101011001
00110110110100000101011010111000010101001101001111110011010000
00110011101011101010010111000110110010101111000010001000000011
11100111100111100101011111100000111100011100000110111001110010
11110110110001001001110011101010011111010011111011010101101111
10110111111100001010110111011010011110111011000111000001001010
11010101000110101011001110011010001101110011010111011110011101
01110101000001011010101101110111011000101110110101101100110101
11010111100011110001100111100100011110101000000011101000110110
11010010010011100111100000011111001000101100000011111110100011
01101100001101101100010101001110001000100010001000110111011101
11001111001111011010101000000101110001000000001111110001001010
00001011110011001010000110111101100010100100101110110110100100
00100110100111101110101100000001100001011101110111001001111001
11110000111101111100010001110001011100011101101010111100100000
10000110010001001001111011111001011111101100101110111101000001
10101010001011111100110111000010011000001010101111000110100011
00001010101010000111010000101011000001010101100010010110010111
11101011111110101100110000100000011000100111100011101011010110
01110000111011110101011100100011100001010010000110000111000100
01000010010000111010001000110101011011011000011000111101100101
00111100011010000001011011000000000011000011100111000011010110
00111100101010111111111010011010111110110100011001110111011001
11110110111111010011101110001000011100111100001111010001010110
00100010101110100010001111011001000101011110000000011100001000
10000110001101011001011100001101001011001001011011110001000010
01000100100111011101011010001001010000011100110000000101011101
10001110011100111111100101101010100000111011101100110111111101
01110000111010001100110011000100111100000010000010100101000001
11101010010110101110011111100010010101011110111011000001101110
11010110010011101111101101110010110111011100001011011001010011
10101111001011101010000001000000010000110000000111011000110010
01110000110010011110001101001100111011101011001011000111110111
01110001101110001110100110010011111001101001101110110100100001
01110100011101001011100100101000001100000010101110110110101000
11111010011001000011100001000111000100001110011010001101011111
01101110011001111010000001101011110010010010010101111110000010
10100010100101000001011101001100001010111101110000101101101010
10001010100000111001000001010110010011100000100010010100011101
11010110011101100001001010101001000100100000101100101000011011
00011100011101000011000100110111010100101011101110100010001011
00001110011010101001101010110100110101101001100110110010110000
00001000111011111011100100001111101101001000011100001110100101
10000000111101101110001111000101101000101011001101001010101010
01000011011100100101111100110111000011101000100011111100001101
11110011010110011110101001101011100001111011010011001100101110
10100011101000011111111111000010110111000000000110001000110111
10100100011101100111001011001111010010010001110011011010111001
01101010000010011110001110011111001001001011110100001001001001
00111010101110011111010101110100100010101111110101101101000010
01010101011101100000000010001000111101010010110100001100110010
11000100100010101110101100011101000100101111110101101000000110
00110000101010110010010101000011110000111000011000011110001001
10000010110101110101100001001101001110010101111111111110010101
00110000000001000001110000011101111110001101101010000110010101
01110010100010101010111101001111100110111110000111001110011000
00111111100101111001010000001010011000110101101001111110011011
00001100000000111011011001000100101111011111101010111001010011
10011101101100111100111000111110001101000000011000001001110011
10100011010111001100011100000000010011111010011010100011100010
10100010000110111011110110111001110010101011101110111011000110
00101011000100111101010011001001100011010010100110101010110001
11011111101101110111101101000100110100111100101000010110000010
11001001100011001100110111111100100001001000001100000000001100
00101101011101100000010011101000010010011111011111001110101111
11000110101010000110000011010101010010011101000000001111111011
00001011011100110110010000010010011001000110111110001001000010
00100110110100010111001101011011000100100000001010010001100101
01010000111101001010111010111000111001100000010010010100000101
01000011011000111111110111101011111111011110001000111011000000
00101101100000010011010000100111000001011000011100101110100101
01000100000101110110010001000010001000000111110111001011010001
00100100110110101101011111111010001010001101100010100100111000
01001111001101000101101110101110101000100101010111000010101110
11111001010111010010110011010100010101011011101110000100101010
11101101111011011101100100101010100111110001101001110101001000
01001001111011101100111010001110010011110100110111011101000101
01000100001011000011111111111001110111101010111011001111001001
00001111010001110011011101110100100001000110111001001101100000
10001110100000100101100101110111111101110110110010000100000100
01011001001010111010010100000001000011110110001011001111010101
00010100100110111000001110100001010110010100011010011010111010
10111111110011001101110000000111100001101110101001001111000011
01001011110001000100000100111101110101111111000111101100011001
01100110010000101100110111110001001001011100010110011100110011
01011110011010110001011111110001110001111001001000100000100110
00110100101001011001011000011000100001111100101110001010100111
00011010111110011011101001011111100100000001110011011100110100
10100100101010100110000011000101101000011111000110100010110011
11110001110010010100110001111111110100100000100100101001010110
10000100110010110101010011111011011000100010010000000101111010
01000001010000001001110001011000011010101100100110111110100010
01110000111100000000110110110111110100100110101101010100110110
00101100011100110100001110000001001001000001100101000000101100
10001100000001110000011011010011010010010111001100010111011110
00111010000110111101001100000001101011000110100010111111111101
00010101110010001101111111110110001101101110011000011010100011
00111101101101101110011111110011111100100100001010011111101001
11111111101101000011001110101001000001001011100010001010010011
10011011100110110111011101010100110000110000101110010010000100
10110010100000101010101010000111100111001001010000001010110000
01100110110100100110010110011110011001011110111001101001010111
10111010111010001001100001010010011100011110111111101000111111
00110010010001110010000010110111101011100001011110110111001011
11100110001110100111000100001101000011001010111010110101100000
00001101010101110011100010001110111100000001010011010111110001
11011101111001011000011000110001101111110000011011111101110001
01001101111111011010101001011110000010000001010001111100101011
01111000111111111100000101100000101111110001111100000001111111
10110010101011000011000110111110100110100100011000000111110001
11100001011111010010101101101110101101110011011101000110001111
00001001100001110100100101010010111111100000001110101110111010
11110111111000110011110111110010110100100011111101111110001000
11001101010010111001010111100000011001100101000001101000001000
01011011110100111100000000100010101000011111011001000011101000
00011111000011011101101111010011100001110111000010101011101010
01111010011010001000101111101111110001111100001001101101100100
00001111000101100100000001001000101010110101001000100011011111
10001000001011001110001011100110100111001010011001110011010000
10000100111101100010111101101100111000111000100101110001010111
10010010011111001110100011010100011110010000101100101001000100
10011110001111111111101100101111100101101110111110100101001110