10110111110000000001111110100000011100001111000111010100011101
01001010010010000011010100011000000000111101100011000001101101
00100001001111101110101010000011100000100011000100011100010000
01011110011110101110011011100011000100111101111011001111111011
10001001011000110000110000010000110101100001011110100111110011
10100010101011011000011100001101101111110010001000110110111100
01010000100110000111100010100111110101101111000010001001001001
11001111000110101010011110011100101000111111100000000111111010
01110000100110110101011001111101001011010000111110011110101111
11000110000001111011110000000110000101001101011001100001000001
11111010000110111111110110111001011100000111011100011011111011
01100100110000110101010100101110011011000011010110000101111110
11110010010011001011110110101101110011000111001011001100000100
11111100100010110011110000010111001011110110011111010101110111
11100011111000100010111100001110010001010101010101101110110010
00001001000000011000010011100000100000010110110010110010110000
00111101101001000000100001100010100011111101110111111111110111
10011111100010101100111010000011011010100010110100100001010011
11110101000101010101001001111001000011101010101101001001100100
11111011110101010110000101110111110011100110100111000010111110
11101011101101111111111111000111100100000101001101000001101001
10001100111110100000001011101110011100001100100100010001011101
10000000110001010110000101111100001111100101000010011011000010
00001011101111010111110100100001110101101010010001110011010101
11000100001010111100111010100100101000111010110000111001111110
10110110011011010011111000111000100110011101011111101100001011
01100110010110011100110100111101010010110100101001010101111101
00110111010110110010000100001000011000000101010010010011000101
01110101101101011011110001111100101100000101000101001100000110
11100000110010000001100001000100111011100000110010000100000011
11101100000011011000100001011110011110101110101010000011101111
00110001001010111101101110111110011011001110011111011011010100
10111101100001100001100010110011011000000010100011010001000011
00110101001111010110100011111001011000000100100101111010101110
00110010111110011111010111001000100101010101110010010000110100
11010100110111100001111101001011111101101001011001000100110001
00011001011100011000010001100011101000001101111110001111000001
00111011000101011010101100110001000100010010101011000010011010
01110000110101001100101101101010111111101110000000010001001010
01110010111100001110011110100000011000100011010110110001010010
10000110001010110000101100001011110000100100000000110100101110
10110111011001101100011110000011111001001101000111100110101001
01100100000101000110111001111011110001010011000010011101111101
00110101011010000100001110110010011110101010001000010010110101
10010100010010000110100010100111101110111101100001110001000100
11000011010101001100011010010111100001011000110000011111011110
10100101100000000100000100011110001010011001100111000110000011
11001100011011010010111100011000111110110111101111101110111111
11100111101010011010000000010000111010110000000000001111001100
11001100011111100111011011110001110100001100101111010111010111
11000000010011011111100000011110111010111001111111010101011100
01111111101011010100000101101011011110111101101010001101100100
01111100111101110011001010100001111110110110111010111010001101
00000101101011110000000001100101001110100111100000100001110111
10100111011010010000110000011100100110000010001000000011010000
00011011011101000010101100000110010011000101100111111101111111
00000101001101111010111001011111001000011011111101110111100101
11110010100111010001010100110110100111101111001010000110010110
10111111101010111101001010111101011111101101110000110111111110
01010101101010011001100110100101110001100011001001001111010011
11101101000101110000111011001100000100110111001010110001110110
01101100011001101110011011011010010010001011110011100010010111
00101001001110111001000100001011111110010100010100000110011001
01010001000011011110011100101011101110101001110000111110111100
10011000100000010011100000011001010001110110111001111011010001
00000100010011001111011100000001001010111111011000101111011000
11001101111101011011110100001101101101010110010001110000001101
00001101101100111111111111001111001011010001101001111001111001
01101111000100001110011101100100110111111011001101010000010110
00110100111010000000000011001010110110110010110001110001111101
11101110111110000110101110101010011011111000011100111111000110
00010101101000010010001011010100100100101101010001010101100000
00101001011011111100101111110001100011010010000011000101101111
11100101110000001001100110110100101010001010000100100010000110
01110101100110100110111100000101100010000010011100101101101101
10100000001010100100000010000011111011110011001111110011111011
01000010010000100011110010111100100101001100001000110100110010
00100111101110111111111001111110000001010111011011101011101011
11001101110010101011011010111011010010011011011010110010111110
01100100000001011111101110010100000100101011011000010010001111
01000001100010011000001010110010010100010010100111111001101010
01001001100111100011000001100011111010011001101111010001101001
00111100010111011110010111001011110000010111001011000001111001
00000101101101010110111110000011100111111001010111101110011100
00010111100111101010010000110101010001001000011000010110011100
01000011101011101011101110100001011011001100110110111111010111
01000101101100001000000010000111000101100101001100000111001111
00000001001100000100011000111100110111000101110010101011000000
00110010011111110101100100011000011100101010011110001010000011
11101010010011100000111111010110010000010111010011001011011100
00011111101001100101011000010101110111101110101000011101010100
10101011001110001000100000001011010100001101010010010001010100
01001001111000110101011101100110111011000001100001111100001100
00010000010000111000001011101000001010010100101001110000111010
11010000101010001011110010010001010000111111100100111010011100
01110011010100100010100110000110111111000110111111110000001010
00000100100100101000101100110100101011100010111111111010000001
10001101110010101101101100011010101111101101001100000100000100
11100100010101101110011010101010000111100111100000101011001011
01000100011001011111100010100000001110001100011001100000000010
11100001000001011100101111001010100100001111111110011110001001
10000001110111001010000000111000110010001001100000110110101010
01111010000100001010011001111001110011001100000100110010101110
11011101001000101100100101100110100011110101110001101111000000
01100011000110010011011001100011000110101011101010010100110100
00100000000010000001110000101111001100010001000010101100111011
00001011100011010011000000001000100001100100011011011110001101
10111101000000110110010001000000100100111011010000100001111111
11111101011000101011111001001000010110001000101100000100001100
01100111101011110010001100100011011001100011011011111011010010
01001000010011100001111100010111010110101110001011111010100000
00000001001101110011100000100101010000110011110011001101011101
01011000111011100111011100000001001111111000100001000001101111
01001101110101101110000011010110000111101101110101010110100100
01111110010100110110100111011111100011000110010011011101010110
00111010110011110010010001011000011100101011100011110011111100
00000010111001101100011010100011101010111011111000011010011111
00110101000011111011000011000110101000000100100111010100101101
00110101110100010001111010111100101001011101110100011000010001
11011000100110000001100101101010010011110111011000010101111110
11111100111110010000100011010010011010110010011110011100101011
00100100010000111001110111101111111111111000011111100010111110
11110101001011010000000111111010100100100011110011111100101100
01011100100110001111110101110111011001111011111011101101110110
00100011011001011000000100110001011111100111100010101010111101
10110000010111001010111011011010001001111000110010001101000111
11110110101010000000000000010100011111101011001000101111110101
11010101000010111000011001011011000101011111000011100101011000
00001110110010101110001100110010111101111001111010001010110011
00011010110101000100110011110110101100000111101010100010000011
11001110101111111000010001000010011000101001101100010110000100
11110011111001010111010010101110111111010101001101101011110100
00001000110010011110001010001000100011001010001100011010010101
10001010100111111110101011101000000010001101110011100010000011
10010011101010000111101110111101111101111111100100010110100010
11001111010100011110000001011011101001000011110010101000101000
10100111001000000001101010101100100011111001001111000000101110
01100101100010000110011010100111111011101011000000100001011001
00110100010010010100101110111010111010000100111111111111010001
11111100111001011010111000001000111100001000011110010011001101
00101100111100011000100101110111000001010011110001010100001101
01010001000011001010101011000001001101100110000000010111100101
10011101000111111101000101111111110001001100101101001111001101
01000001011100110001010110011011111101100101001100000010110111
10100010110101011100100101100000001000110011101000110010010011
11011001100010010010100011000100111000011011011001101101001001
11010000111101100010101001001011100001100111101000100110011001
00011111101100101110100011100010011100100011011100101110001010
00101010010101011010000101001110000101001100011110011101110010
00100110100110000010110001001001111011100000100010110111111100
11001101010001100011010001111101100111011011101001010100100010
00001100101011000000011011101000100001011011101101001001010011
11000010000010001101111101101001100111100101011100001110010001
01111000101100000011001010000100001000001111101001111111001011
01100000111010010101010010110011101000001010111001101010001001
11101010011110000110011111111100100011101000101011110111111101
00100011110110111011111101011001111101010000001000110111010000
00110100001110110101110000011000101001101001100000011010011110
10100110010100111110010011010100100101010011110111001100011001
11011011000101000001000011000110110001010101111010010110000100
10101100000111011000001110101011010110010100111011100011011100
10110100000101101110111111111101101111010011001000001001111001
00100111100101000000011000011000000010000101011000011000100000
10010101010000000010110001010000011000100001011001111000100001
10011111010111010100011001000011111110110000111011001001111100
01100101001101000100100110111100111000011001011100011000110011
01011111111001100001000000010011111000100101110111101111111011
00010100001011101010000010001010111010100010101011011111101010
00110001111000110110101010001101000001010000101000011100001011
10010100010000000000100110100000000000100000110000000011000000
00110000010011111111101110100011101111100011011010010001100011
10001001110010011110000010111101001110000100110101011000100111
00110110000011111001111101110101110010011000000011100001011101
00110000000101011010100011010011000100000100111001010000010010
11001101011000111000100001001110010011001110011101110010001101
01000100010100100010000010101000011111111111011000110100100111
11111011110100010001101000001110110111100111110011011100010100
11110110111100101001011111100100101110110011110000001111010100
01100100110100110010100010010111100010001100010111000011101111
10101000000110010000010111011110011000010011110100110001101111
10110111001000000110001001000001111010100000001100011001101011
10000111110101000000010101100110111100011110001101010110011011
10000101111001111010111110110110100110101111000001110111111001
10110010111110100010101101110101011111010000000100110100000110
01101010001010101111011101110111110000100111011110101111000100
00111101001101001011011000100011001111101000001101000010100111
01010010001101011100001011100000100011000011110011100011111111
00011100011000101001000111001010010000000111011001101000010101
01010000011100000101111011100000111101011000100111100001001110
00000101000001010110100100010101111100000010111101010001011111
01100110101001010011001111001001011111000100000001011100111001
00010001011100001111011100011011010110101010010110010100110100
01101010000100100001111011011000100110111011100011101010100111
00101011100100011001010001100001001100010010101011100100100010
01000111010000001010011011010100111100110110101011000001110100
00110111001110000010101001110001111001000111001110101001110001
01010011100110110101111011000001001111011001111111110010101110
11010111110110001011111011110010110001110001010101000110001111
00010101110000011101011111000011001101010100101101001001100110
11000001001011011101111111111111001111010011011110111101001111
10111000000000010110100111110111010111101000100001001100010010
10011111100000001110011110010101001010001110110011101011011001
10110011101011111001001010100110001110011001000100100101011110
11110010100101011001111001011111010101011000011011110111001101
01000010100110110100011001000111101010100000001011111110111110
10100010001100000011000000111011010101100100000110100011100100
11111001011111000010011001110100000101100100101010000110101010
11100110110010101110110110001000010001000101010001001111100111
01101111000110101100111110010010001010101010011000110010010011
11110001010101000111001111001001111011000110001010001110010001
11001111100001100100001001010000001111010001000010000011100010
11010100110110101011000000110010111010101010110111001110001100
00110111111110111101000100010100011001100000101111111001001110
10100110010000000010110010000000110110011001100111000110111000
10010010101111100100010100010011010110100101111011001000010011
01111010001100110000111011101110001011101000011011100111110011
10111101000100001001110110111111010000000101110110111101000000
01011101101100000111010001010101011001010101001110010000101101
10101001010100011001111010010000011000000011011111001011100100
00101011001000001010100110111000010001100110010001001000010110
10001011011100010100101100000010111101110111100011001111101001
00001011010110110111010011011100001111000111010011001000001100
10000000101111111011001000101111110011101110111111111111110011
11111110101110110000100111000111010011110010000110101000011101
11001001011100100001011100110001011100000001110101010011100001
01111000101000010100010011001001110010000111110011111111100101
01010101111010111011110110011010001001011111001110110100110001
00111101110010110111100011000001111000101100101110111011101100
00000111001001010001011100011001000001111110101001110010110100
00010110101001101110010001001010101011011001001000110110111110
11010011000000010110100100010111110101000100100011110000010111
11111000100110100101011101110001101000110100110110100000101101
00110000111101111000000011001001010111110111001011001010001111
00011000110110011101101010010000111010001010110110010100000010
00100000101011000101011100100110010001010010011101100101110111
00110010010000001101111010001010110001100110010110111101000000
10110000101010000101100001011011100111100001111010000001110110
11001111111011110100101100001011101100000010110111110101000101
00111000111011101011110001000010110111011100101010000101011110
00011110100001100110000101011000000101010010111000110001101000
11100011100010111111001110010111111000011001011110001000011000
10110010001001101000011111100100010000101110010011011010000111
01101000111100101001101100011101010111001111100110101001000000
10000100011101000110010000100011110100011100001111001011100001
10100000110001100111011100000001100111111100010000111011010001
10110011100110101001100111110111111001110101000111000101000111
10001000010100111101110011000100111100001110110101100111101001
00101011011110111100110110101111110000101111000100011001101110
01100110011111100010110011011000101000000010000001111110101011
01000010001110111111010001001100011010101011110100101011100001
10000100010000101000111011011000010010100011100101100011001001
00111100101101111011000101001001001011001011010100000000111110
01010110111010010000100101100000001011010101101000010111011100
00101000010101000001111100101001110001001000110011100101111101
00001100010101101110110001101010101000001000111100111111001100
10111001010000101011110111001100101011010110111111111101010111
01011110101111110111111110011101111001000001010011001111111101
11100010001110000010000111111011011001111001011101100101011000
11101010010110111001101100000011011111100100000011001011111011
00110110010010001101011111100001011101100100100100001111110101
11100011010001000111001101010000110001110110111001000001100000
00000001101100110000010011100110101101111101111110111001001111
10100000100001101011110001000000100111100010010000000101001101
00010000110011100010110100001000100011010010101101011000100001
00101100100001000001000110010001000010001111100000111100011100
00100111010010110110111101110101101101100001010001111110000001
11101111000010100000100011100100110110000010011000100100111010
01101011101011011100001111111101110001110111010000001010000101
00101101100101000100001001111011010100110000100100011001010101
00100100101111110000000001011010101011110100110011110110100111
10001111010110000011111111000010001000111011010011100000110100
00111101110101100000001111101000110001000110011001010101111011
10110010001101111101110010001011110110010110110000010011011000
11100001110011010110110101111111111001110111111111110111010001
01100111110010110110101101101110110000000011101100001011110111
11100101101010010000111100011000000111100000000100001011100111
10110100000010110100010000000010111111011000100101110011011110
00111100111100110011011000101110011011100001111101100011000111
01010010001011110101010101101000000110100010110011001101100001
10111001100010000111000111010000011001111100001101101101001110
01010110111000110001110001011100111111101110110101001101011100
10111000000001001001000111011101110110100110001000100110011000
11010100010110001101010001000101110001010110111010010100000101
00110000111111001101101111001110100010111101101000011000101100
11101111000010001010000001001010011000001110001001000010001000
11111001100010101000111001000100101101001000001001100110001000
10010111001111110101111010011000100101101110011010100101110111
00000000010100110100101011110100110101110010011001111100010000
01001011011110000111100000011100100100000110101101010001101101
00101011101101101001000100100011101110111000110101001111001101
00111001010101000101010000010001010110001011100000000000010011
11111100011010101001000111001000111110111110110110011101011101
01000111011010000011110111001010101011110011000100000011001110
11101010110110100100001111000110000011101100110001011010000110
10000101101010000111011011110111010001111001101010000100000101
01100101001111101110011001100000111011111010110011101111111110
10101000000111101001001000000010001000001100001011011010101101
00001110000111001000011001000011001100011100100100011010111001
10000111111101010001111101111100011010111001101101010000110010
11111100101000010001111111110110101111110100111001010000100110
00110011001010000101011110001111010011011011001011101010101101
01010001001010101001001011000111101001001110011111101001101000
00011000111011001010000110000111000000000001010011010100101000
11011010111001011010001101011101011100001110000000100110000001
10100111000000111010100001010001100101000110111110011001010001
01110101010100110100011110101010111001110001001011101000100001
11111101110100010010100100000010000100001010001011001000111010
00110111010101010100010001111111010101011001101010110001110010
00010011000011100010101001010110010001110011010011000000011001
01001010001111011000101001010001000000110000011011110001001110
10000000011000110010101010111110011100001110010110100011001011
01000010101011011110110101101110001110101100000011001101110111
00101000111111101100110000111111010100110011101100101010101011
10000100000101101011010001001000111111000110110100111111001110
01110010011101111110001101100000011010011000110001011100100100
00011111010101000010001000001100010111111001000011011011110011
10000110111100101010101100110000011110101010100010101001001011
11101000011101010000110010110000001010011101100001101110001110
11000010010111010011111110000101101001111110010101000011010110
00000000100111010101010111100001100000000011001001100010101100
11000110010001000001110001011110110001001011011111111000100010
11101001101000100010010010011111111111000000001001111110001101
01110101000001001100111111010011001110010010110000001110001100
00011001101010001010011100000111100111001000011011011001010100
00100111010010101010101110001101110100010010110000101111000000
00111100101001110011111010000010010110011110011101101011111010
11000111000110010100101011111000100010101001010000100100110110
11010100001010010111111011011000001110111110100011101011100010
00011011000010100011101111010010101001100111010100101100000001
00010010010101000111100011000111110100110001111100000000101001
11111010011111001101111101110010101001010001010010101111100100
01010111000010001111110111110100111011010011010000100000111111
01010110101000011111010011100111011101011110000100010111011100
00000100000000100110110000111110110101110110000000010110001111
11011001111000010000100100011011110110011000001011000011100000
10101100100111011100010101011110100011000000001111011101010000
10101001001100011101011100001110010111011110111111111011001011
01111011111111000110110110110001111100111101011010010011100000
10000011000110111100001010101100101000101010110110101001010001
01000000001110101100111010001001111110110111000001100101101010
11110010110010000000010000101111010010001101000101100001100101
10101101010010001010111010101000110101111011111010111110110011
10111100111011010010001011101011100010001101010011001011010100
01010100010001011000101101011000001001111001110100010110011100
00100000110100101000011001010101111011010001000110100101101011
01000101001111100011011011011101011110100111000110111000000001
00000111110110000101000110001010011100111011101111101111000110
00110100100101011110101100010100011111111100101011001000010000
10111011100011101100000110011110100111111101010101011011011111
11111101011011101001011100110010011001011100100010110111111000
11100101101011010101000011110000111111011000110001000101001110
00111101000010111101111001111000100001111110110111001100101000
11001110000001100011011110010110000110101111011010110000001110
10011101110010110110111111001101010111101001111100110110111001
11111000110101110100110000011101010101110101100101111011001111
01010010011011001100000011110100010100010101000010100011100000
00000001010101101111110001101000010001101011111010000000001001
01101011000101010100010110110010000000001110010011110100000001
10011110111111000011111111000101101111111111110111011000110111
01110010000000110111100010011110001000100000111001010000111001
01111111011110111011111111011101100011101000000110100000011111
10100000011101110010100100101000111111100000110010001110001100
01100000100000000000010110011010101011101001011011110010000011
00011100110101111000110000001010111010110011101001000001010010
10110001101100101111101001100001101100000110100000101001110101
01001010100011000010000011100101011000110100011010110110101000
10011000001110011000110000111101000001111000000011100111101100
10100001101110011010100011100100011100111011111010010110011110
11110101001011010011010111011000100011001111110101110011011100
01010110010000011011110111111111010100101010101101001101100101
01110011110111100011111100100001101011011011010111010000101001
01100011111110010001011011001101110000001000011101000110001001
01010010110101011001011100101011010101100000001100110100100101
10001111001100101100100000100010011101000100101000010111000010
01110010010000101101010101100000010100000110111100111011100011
00100010010011110111101100110001100010110000111101011101000011
11100100101011000111010100011000001100010010101011101101001001
10101111111100110110101111111001110001011100000011010011100110
01001001001000101000111010010010011100110010000110010000011010
11001011110011011010100011101100101000101001110000011011001001
10001111111010101010010001000011001001100111101111100111111010
00011000101000100101011001101001010110000001101101011010010000
10011100101100100101010010110110000000111100100100010110000101
01000110101011001110011110110111101101001101010110100000011111
10010110001100010010111101001101000001001000101010010001110011
00111001011110111101110001100101111100101100100101001000100110
10101110101111001011010101011110111101010111010011001111001111
01111111000010010001110011001011011110000111000100000110010111
10100011110101000111111000110010011100110000000001001101100000
10011001010100100011111100000000100000001111111101010100001110
00010101010001001100100101000110000010101110101010111011010000
00110101001010110101010011111111101000010001001101011011101110
01110011101101000011110110001000010001001001100010000010111011
00011111101110101001111010000110100010000010010100011100011110
11100011011001011110011000010011010001000011010001111110100001
01000011110011110100101011110001010001110001011101001000100101
10010110110001110111101100100101010110111111101101111000110110
00011101001000100001001100000001011101011000010100001010100111
01101100101110001110010110010010001001100011000110110110011011
00000100000011010110110011110011101101000110111010010111100011
11010101000010101011011101011010111110100011000100011000111000
11001111010100110010111000010100011100110110110001011000000100
01001100101010000101111001110101110110011001010001111010010100
10110101100110011010100011111000000110010111111010011101110000
11100101011101110111001110011101001111011100001100001110010100
11100011001100011011001000010010111101111110010010101111110101
01001111010101100111001111001010001111110110111110110101110101
10111101100000010111110100011010000011001101110101010010010011
11000001111101110011010101001111001101111111010010011011010110
10000100010100011100000001011111110100010111001100111100101010
01110001001010000110001111111011011110101101001011001110001000
00100100001110101100100101101001000001101001100011000001001011
00011100100101001001101101100011000111000101010100101111010101
10000011000011111111000001100000000110110101010101111001000000
01000010110111010010100010110111101111110001001100001011110100
10011110111111100011100111111101001000010011000100100011011000
11110000101001111001101101101001111011110101000001000101100101
10010010011101001011111101010100110110011101010010100111001100
10101010010011110010001011110011010111001010010000011100011100
10101110101101011000010100110101000001101101011110000111000000
11010110111010000101000000010110111000010110000011000010110110
10110000010111110000110011100011101111000000100110011001101001
01100010010010011010100010000110001001011011000110010011011011
00001000000100100100111011111000111001111000011111010000110110
10101101011010110000101010010100000011001011111100011110111000
11100111011000111111111110011101110110000110000101001101110010
11110001011000000111111011111010110010010001001101101101111111
01011101101011100000101100111010100010110101100101110101110100
11101110110101100010111000100001100010110101011110001110011110
01100101110100111010100111101111010010101110100101011001110111
10000000111010010100111110000000001000111010010111101100101101
00100101100010000101001001101100110111010011111010010001011011
11000001010111100011000100001010101110110101101111001011100100
11101111100100100010011010101101111111100101000011101110101011
01000001010100101111001101000010001111000001111010000110100011
10011010011100111111101101011110011001010001001011011000000011
10100010001000001001111011000100100000111000110111010110100111
01101011101110101010111110010000110110010100111001101000001111
00010001100110101010110110000111010101011001110000010011001011
01101101010011110000110001110100011000011101100010011011000001
11101100000010000101001011010101001110100110001010011000011100
10001110001000101111010011010011101101010001001111001011001011
10000011001001001000100010111101111100010100110000110100011101
00010000101011011100001010001100111110011111010111001011101001
00100100100010100000100011100100110001000100101000000100110010
11111110110001000011000000010001101101111011101100000001101011
01011111000101111001011110000010100101100101111100111110111111
00011001011001111111011100110101010000111001110001010110110011
01001100011111111011011100101110000111110110010111101100111000
00100100111110000000001011100110100010011100010100010000011110
10100000011001010010101111010100001110101001000101111100011000
00010100010001111110010111011011001010001010100110111011000111
10000000110010100111000000100100100001010111010000001100111111
01011011000110000110110000011010000110011010111100000100110000
11101011001011101100001101000100000110110000100101100000111010
00100001010110011010001010100001010001011111000111000010000100
01111001100000110011110100000000010001011101100011000100101000
00001010011100011100101011010110000101101000010010000111100010
01101111010010011001000011011001010101011110000011010111001100
11000110010001010101000001101001011100000010010000001110000011
11000011000001010100100000101100100100111110110111000011101011
01100011010000110011010110011011101010100000100101000110011100
00100011111010100111001011110100111000001110000111011001011000
00111111000100100001101010100111101001101101110010110011110010
00110001100100010101011010111000001101100100100110001010000011
01111001111110001000000001010100000101010101000101110001010011
10001100100101000010001001100000110000000100100001000011011111
10111110111011101001110000101100010000101111010011000110001011
01010111010101010101100101011110110101100100111110001011111111
11110110110111001010001100000110100100101011000001101000001110
01110011000010101101000010100101001110101111101001010111111110
00001111010010000001000000001001000001101111001000010010100000
11001111010111111001000001000110111111001001110011000000100000
01110110011011001110110111111111000001101101110110100101000110
10110100110101110101001111110000000011001110100110001000100100
11100001010111100001001101011001110100101100010010001011001101
01110111010100010110100111100101000011101111111100000011011010
00011010110010110001000000100110110100000010001101111111000101
00101011001110100010010001001101011100110000000001010000110100
01110010101001100011010000101111100010010111101101110001001110
11111001000111101111100010000100000111000111000000001010110110
01011010001010100110101011001101101111111010010101000010100100
11011001100110010000110011000010001101110111000010100101101110
01001001110110111011100110100010011101100111000101110100000001
11100000100110110101000100100110011110011100001010110111101001
00000001111101001001110110011000010001110000110100110010011011
10110000111000010100100011101001010001101111001010111100001000
01010001101010111010001111110111010000011011110101010101010011
01010000010110111001101110001000101000101101111010101111101010
01001000101010101110011010000111001111101100001101110011101011
10001110110100111110000001001101111000010001111011111100000010
11100001000111001100001011010000011010010111101111011110000100
11001100100001001011010101011010101100000110111001101111101010
00001101000110011000011101110011111010001010011101011000000001
10110100100100010001101001010010111110100010101001010010100101
11000010101001001011001000010010001100110011011110110010110101
01010111110011100110010111101011000011010101000111101100110011
11100111000111010111010000010101110100111011101000111111010010
11101000110000111100111011100101000101001110001111011001110101
00100110100000001101110011001110000010111000111001101000111111
10001001110100001100100110100101111010010001101111011101111101
00011101010010010110001111001011000010100010000101001100111101
10010011000111001010100111001001000010100111100011001010110111
01110111111001001110110110011111101100010100101111010000000101
00100011100110001110011111000001010000100001100111111000100110
00111110111101000011001111111100100011001000101011101111100100
00110101100110100011100111100010110001100100011000100100011011
00001011000011001010011111010010010111000011011101110000100001
11101011100000001010011100011010100110101011101101011110101110
10101001110011110000111010110111110101101110000100110100111100
01100110001010100110110001001110011000000110110000110010010110
10111100100010110111000100101011001011010100100011100001000011
00011110010111111001110001110010001010100111110010001000001100
10000011001010010110110101110000100100111111100101000101000000
00100110111000001110010011000001000100001111100011010101100110
10100011110110111101001111101010100001110100000101111111000111
11100000011011110001110111000111001110110111111010010100111111
00001000000011101011011111001000001100101111001000101110110010
11101010001010010000101111001101111110111100010110011000011011
11101000000100001000110101100010010011100001001100110110011001
00001100100101000110011111101010110000101100111100000101101110
11111000101111010100001011100110101100011110110011100000000001
00100100000110101011101010010111000010000001010110101000111011
00101111001101111001101100010000101000011111100111011111000110
01011010101000100111010010100100101110001001111011100000100110
01111011100001100000100011110011001111100111101001010011101001
10100111011011100100011001111110011011011001000011111011001001
01010000110111000110000011111111001011011011000010000101000000
01100010110011100100110110011100110111011001100001101100000010
11110001011110110001001100001011000101001010011100010010010101
11011111110001000110110000011111111010100010110010001001011110
10001110111111000011010100111001111110110110100100010110101010
01010010000110010001001100110101101000111001101000111001001111
11110111110111111100011110110100011100111000001100001100001011
01000111010010010111010011101100101100101010010011011110110101
10000101110010010000010011100000010110010000101111011001100100
01110001010010010101000110111010100000001000101110101101111100
01100111100111000101110011010010101101100100111100111100010110
01100001100101010000001100010010000100001111110100000001010001
00010111010101001101100010001000010110010100000100010111111010
00000111010101010111011000010101100000101111101100101111011000
11000100100110100010110111001101111100100001010000011000010001
10100101111111010101111111000100001100010000100011110011100101
01001111100101010011110110101010111111001011100001111010001000
01011000110010110010001111101111001111100101110101101111000001
00111001011001010000101010010110001110010000111101000101111100
11101000101100000100110111100111110001111010101101010011101111
11100100111110101000111100001010100100000000000110000000010000
01010000110101011011100110101000001011101101001110000000110000
01111010101001010111101101001010110101001110001000001110000111
00110010000110100001010111111111110010000100010100110101111111
01011111001110100101101100100100011011000100000000010101100111
10100000010000010110101011100100001010011111101011011111011111
00110001111110111100010000100111001100001001001001000001011000
10110010001110010101100001001111001101010001000011110000100000
10010000101001010100011001010111011011010110010101000100110010
01111111110110101100000011010010001100100110100001101000011010
10110110000001011001000001000000011101110001110000111011010111
11100100001000110101010101110010110001000010011001101110001100
10111100011110010010111011010011110010111000010111100011100101
11001111000110010100100000001011110011110101110110000111110111
00111001110001000100100001011001100010100010001101000110011010
00111111010001000110100100000011101100111011011111101110111111
01101100000101011111011100010010111001111111110110000101011010
00010000010100101110110111110101111101111100101110110001000111
10101010010111111111111100001001010000100110111100101001001010
01111110100001010111011100010000011011010110100001111110111001
00011101101011100001000100101011111000100101101001011011110000
00010111100101111101110100000001001100111100111110110111100010
00100000001111100000101100011101010111110101000100110110000010
00011001000100000001101110100001000110110001110000001101110001
10101000000001010011110111001000001110010101111011010011110111
00000110101101111010000111111100011101101110011011000101001101
11011100111010001011000101100000100100111100000001110111000001
10011001111111010111100110100010100011000001100010100000101011
00010101000000111110001010001010010010110011101010111101000010
11100010100001011111111001011000001111000111000110101001111000
10110101001011010001101110110111110101100011100100001100011110
11001111110110111110011111011110111100101001101011010011110101
01110011101101001010010011101010000101001011111101111000000110
11101100001000000111111111111101010101000000001010111101100100
11000011000000100100111110100011111000010111110100110100110101
01011101011010100010100010000100101100011010111010110101001010
01001010001100010101010110000010010100011001000011000101100100
11111001100110110010010000010110110100011110000111001000011001
01011010000001010111000000011101100111100000011100100110111100
10111011001000010010010111100011011101010010000011000011111011
10001100101011110011100100011000000101110001110101010000101000
00110111000001110110000011000001010101010001110111010001111101
11010100111110011010101100100000000110110110101010111100011110
10010111111000101001011001111011101101100110001111001000110111
10111001101011011110011100000010110110010011101111011000101000
10110101101000100000101100010111101110101100111111110011000100
01000100000011010100110111110011011111111101111011001010011110
00010010000100001101100010110100100111010111001011000111110011
00111101001000101110000101100100001010110001101000000111100111
00000110010011001000010010101010010110001111101000000111101011
10001101110110010101001110001000101101000000110000100000000110
01000000110001001001011011110010000110000111111111111100110110
00011011110010011001101100101111001010000011100111111001100111
01011000001001101111111111011101111111010111001001011000101110
10110100101000100111000011101100010110000010100011111010001101
10110100110111000111110011011110101000111101001000001010100110
01111010111010001011101011101101000100001111010000100001110101
01010000010011001011000110100110001110000001101101111100011101
00011110101000001110001111101110111001110110101110011011011011
00111100010100100000010111100110100011111100011110110110010100
10000001111110011111000011001101000001111111111101000011100111
11001011011110000111101001110010001100010010100101111010001100
10111110110111010101011111000011001101101101010111111000100100
11100100100010001110100010011010111000010110101010001101011001
10111100111001010100010110011010000101101101000001000010100111
10101111010011010110000001100011000100001110010010100100000001
11101001101101111111110100010110010110110011011101111110011101
11111000010101011111011011011100000100111011110001110100001111
01101000101001110110000100010110000100101011010010010111100111
11110011111101010001111010111101110001100011100000011111010000
11110000100010000110001000110010010010010001100101001001010011
01011010100100001111111011011100110110111010010011001110001010
00011011100010000101011011001110100001011101110011001001011010
10100110000100001111000011010110100001011101100111001011010111
01000011001010011101001101001101010000110111101010100001001111
01011010001100101101100010011000110100111011111010010100101010
11010011011110000111001111101011101010110000100101001101111001
11001110000010011110101001000111100011001011000100100101000001
01111001000101100100100110101001010000110111011101011011110100
00001111101000100100000001100000010100100001011110000001110111
11000011100100101101000010110100010111011100101000000011010100
00110110001010101000111101101110101010001111011111100110000111
00011111110010101001111011110011110101100001001101100100111110
10100000100100101111101110010010011110101100111101011110100001
11011111001100101111100101111101110000101111110100010100011111
11001100000001011101000010010010100001010000101001011101111110
11110101000000011110110100111100000000101101001110000011101001
00001001100101011001001010101001100110101100100100101110000110
11110010110100000001101010011101111011011011110000001011111010
10100001000100111111110101010010101110000110110100001001000001
00010001001101110010111001011100101011110110001011110001111000
00010101111010000001110011101011100111000101011001110100000011
00111100111100111111000101001010010011101101000100011110011000
00110101100011101110110000010000001010011011011111000100000110
10001011011111101010010000010010010001010110110100001101010101
00000000011000100010001101110100110001001011011010110010100001
01100001010010010001011010011010100000001100110000001010110111
01110000000001001100101000010010111010010000111111101000000000
00010111000100000011100101111110110111110001101111011010100111
00001100010011000101010101100000111101010011111110100110000000
10100011100100011010100000011101100100001101001111111100010100
00101100011100010111010001010001000010111011000101110101001110
10111001101010101011001001001110001011010111110101101011001011
00010001010100101110010011110011001000101110000011110100010011
01111010111000011100010001000010000001011001111101101001101101
01101101110101101011000010100010110110111100000100100111000110
10001101001110100100000010001001011101000010010010011000110110
01001110001101101101110100001001111100111011010101010001001101
01010110111001110101001010101100011100111101011100010011111100
11100000000000001101101011100011111101000010000001111011101011
11111101001101001011111001111010110011100100011001110001010110
10111010000001000111011011001001100101111001101110110101001001
00001111101011000011000000000110100111111100101110111000001100
10011101011100101100001000011101101110110101101101010101011100
10100111000001110011110100110010001011011110011101011101100011
10110000011011110110010011100100001001111011111101011000001010
01011110110001011100010100111100101101101101110110110011000111
10000111111011101110010010011000000010101101001101010101000100
00000011001011011110010111101001001011111100111110100110110010
10000111111111010101010111100001011111001001011110100011010010
01011110110000101000010000011100000011100001011111001100111100
01111010011000111010110100100110110001011111111011110011001010
00000110011100101110011101110000001011010001011101100000001001
00010010011001111100011100000101010001101010101010011001000100
01101111011110000010100100011101011000000010011101111111000011
00101000011100110011010000101100100100010010001100010001011100
00100011101100100110011001111101111011111001010000010000001001
01100101100110000011010100001001111110000101010011111110100001
10010110010001100100000101010011111100010011000001110011110011
11111000010111011011111011011111011001110001001010010001011001
01111110011101000101111001010110011001011000000011101110111010
00101001000011001111110001011111001011101001100000011000000111
10111111000001001100101100110010100111111100111000011001000110
11000001000101100010111010001000101110101101001011000101111010
11110111111000010010010110001001100001110111101001110101000001
11001110101100010000101111001110001111111001110000000010011000
10000000101011011100100100010101101000110000001000000000101010
10101001100110101011001010001010100001000010011000011001011011
11000101100110010000000010010101111010100110011101111101000011
10011101011100100011001110000011011100100110110101110001110101
01100001100011010001111011100000011001010111000000011100001101
01100100100000110110000111101010101011111000000001010011100001
11010101011000010111111000110100001010000111001111000010010001
11111111101110010110000001111001101100111100111111011110011011
10011101001011101010000100010000100010010100000011001000001101
01011101001110001000000101101100100100101110111111010000101011
00111110100100110101000011110110110011101111000010000110010001
11010110100111001100000000001100110110010000001001110100101010
01000000011111100110111011100101011111100111110011011010011101
10110110100001001001110010111010000110011011011100101101100001
00011111110010011011010101000000001011100010001110110011101001
11010110111011000000011010100011111001101110011011000011010000
00000110100011111111101001111111101101101000010111101101100010